"","Sociability","Sorrow","Tenderness","Joy","Wonder","Disgust","Anger","Fear"
"Sociability",1,0.83,0.81,0.8,0.71,0.54,0.53,0.24
"Sorrow",0.83,1,0.87,0.62,0.59,0.58,0.44,0.45
"Tenderness",0.81,0.87,1,0.63,0.37,0.3,0.12,0.33
"Joy",0.8,0.62,0.63,1,0.49,0.3,0.28,0.29
"Wonder",0.71,0.59,0.37,0.49,1,0.34,0.55,0.19
"Disgust",0.54,0.58,0.3,0.3,0.34,1,0.38,0.21
"Anger",0.53,0.44,0.12,0.28,0.55,0.38,1,0.1
"Fear",0.24,0.45,0.33,0.29,0.19,0.21,0.1,1
