rownames,Word_meaning,Sentence_completion,Odd_words,Mixed_Arithmetic,Remainders,Missing_Numbers,Gloves,Boots,Hatchets
Word_meaning,1,0.75,0.78,0.44,0.45,0.51,0.21,0.3,0.31
Sentence_completion,0.75,1,0.72,0.52,0.53,0.58,0.23,0.32,0.3
Odd_words,0.78,0.72,1,0.47,0.48,0.54,0.28,0.37,0.37
Mixed_Arithmetic,0.44,0.52,0.47,1,0.82,0.82,0.33,0.33,0.31
Remainders,0.45,0.53,0.48,0.82,1,0.74,0.37,0.36,0.36
Missing_Numbers,0.51,0.58,0.54,0.82,0.74,1,0.35,0.38,0.38
Gloves,0.21,0.23,0.28,0.33,0.37,0.35,1,0.45,0.52
Boots,0.3,0.32,0.37,0.33,0.36,0.38,0.45,1,0.67
Hatchets,0.31,0.3,0.37,0.31,0.36,0.38,0.52,0.67,1
