rownames,obs,pred,VF,F,M,L,Resample
1,VF,VF,0.9136340002842525,0.0778669404935211,0.008479146972169227,1.9912250057210786e-5,Fold01
2,VF,VF,0.9380672112098593,0.057106226102407204,0.004816447121296827,1.0115566436628478e-5,Fold01
3,VF,VF,0.9473710471279627,0.04946766605058059,0.003156286972752852,4.999848703667811e-6,Fold01
4,VF,VF,0.9289076829984073,0.0652894931662221,0.005787178880161076,1.5644955209331163e-5,Fold01
5,VF,VF,0.9418763976269323,0.05430829505171394,0.003808012740316983,7.294581036610463e-6,Fold01
6,VF,VF,0.9510977502802582,0.04618223080741342,0.0027161774570956376,3.8414552328347745e-6,Fold01
7,VF,VF,0.9141380275541217,0.07815185895488018,0.007674706374425515,3.540711657267849e-5,Fold01
8,VF,VF,0.9183508495537207,0.07437283863212554,0.007260583125907772,1.572868824609956e-5,Fold01
9,VF,VF,0.8426394722657485,0.12760569346684983,0.029562725185853154,1.9210908154846247e-4,Fold01
10,VF,VF,0.9201676245208189,0.07278836940393597,0.007029298593573037,1.470748167218076e-5,Fold01
11,VF,F,0.3761772332227003,0.5456338964295004,0.07679575778633077,0.001393112561468613,Fold01
12,VF,F,0.3885041243552746,0.5088633760420134,0.10141774600290605,0.0012147535998060697,Fold01
13,VF,VF,0.49478377784648947,0.45673736127312575,0.048093502071958345,3.8535880842644155e-4,Fold01
14,VF,VF,0.8805588457992285,0.09875895997441923,0.020623699227318725,5.8494999033355316e-5,Fold01
15,VF,VF,0.9143142075284779,0.07116937475450753,0.014494913094526342,2.1504622488143933e-5,Fold01
16,VF,VF,0.8299298052332363,0.13152126408860262,0.038459932324498354,8.899835366273796e-5,Fold01
17,VF,VF,0.9172870196095616,0.072001102366069,0.010686205201946478,2.5672822422686872e-5,Fold01
18,VF,VF,0.9133610993097131,0.07247206158611007,0.014121054852730462,4.578425144617238e-5,Fold01
19,VF,VF,0.9388037117938711,0.05393117148985101,0.007258208147672693,6.9085686050923865e-6,Fold01
20,VF,VF,0.9842818434357615,0.014965436651439583,7.517024904513582e-4,1.0174223476757564e-6,Fold01
21,VF,VF,0.9837444054278797,0.015555931186078157,6.986590361395721e-4,1.0043499026682607e-6,Fold01
22,VF,VF,0.9839161947955868,0.015306105810828967,7.766103017992293e-4,1.089091784796187e-6,Fold01
23,VF,VF,0.9868003896027969,0.01262830019269519,5.707368685106581e-4,5.733359972700011e-7,Fold01
24,VF,VF,0.97749082430649,0.02096117951679799,0.0015455663678368876,2.4298088751585494e-6,Fold01
25,VF,VF,0.988218808716021,0.011366145539540852,4.146959311477353e-4,3.498132904545397e-7,Fold01
26,VF,VF,0.9886026586189737,0.010925205180008354,4.7183864312318294e-4,2.9755789475309976e-7,Fold01
27,VF,VF,0.9752615039717573,0.023078275823644287,0.0016572588476758525,2.9613569226252894e-6,Fold01
28,VF,VF,0.9824464181041741,0.016575063252109147,9.76959347397746e-4,1.5592963190344805e-6,Fold01
29,VF,VF,0.9884003078367747,0.011156484415592154,4.4284350198055413e-4,3.6424565262946025e-7,Fold01
30,VF,VF,0.9324751148724282,0.055541594741396104,0.011272799930818573,7.104904553570643e-4,Fold01
31,VF,VF,0.9788453908695772,0.019864165935290383,0.0012876348651344354,2.808329997846234e-6,Fold01
32,VF,VF,0.9854944118311634,0.013864957158896539,6.398649372733831e-4,7.660726667385712e-7,Fold01
33,VF,VF,0.986899525023197,0.01237898740190899,7.209160842568077e-4,5.714906371979119e-7,Fold01
34,VF,VF,0.98301210024391,0.01625257098624926,7.339278294913349e-4,1.4009403494863216e-6,Fold01
35,VF,VF,0.9866762642067471,0.01255464140132914,7.684679171346739e-4,6.264747892189036e-7,Fold01
36,VF,VF,0.6362302894368362,0.3202031686321154,0.04324049691124421,3.2604501980417665e-4,Fold01
37,VF,VF,0.5988413391943284,0.3412932159147768,0.0591911604248307,6.742844660640638e-4,Fold01
38,VF,VF,0.6696001439996745,0.29887414040893046,0.03129559318323031,2.301224081648466e-4,Fold01
39,VF,VF,0.5583367210654983,0.3786000217773579,0.06252555419142558,5.377029657182648e-4,Fold01
40,VF,VF,0.6572574174026989,0.3050531226610019,0.037410225851458,2.7923408484109916e-4,Fold01
41,VF,VF,0.7610149356851397,0.2024815992668732,0.036441320111741345,6.214493624563987e-5,Fold01
42,VF,VF,0.8316828909874209,0.15504451246276174,0.013252484602243831,2.0111947573547654e-5,Fold01
43,VF,VF,0.8032623296432829,0.17568654717331472,0.021026881427401844,2.4241756000572227e-5,Fold01
44,VF,VF,0.8634132044912886,0.12660746130317221,0.009969699986698652,9.634218840636858e-6,Fold01
45,VF,F,0.08783412785413704,0.5539493713500777,0.34938437797155864,0.008832122824226636,Fold01
46,VF,F,0.16122123496612192,0.5930725400085837,0.24412027379903659,0.001585951226257791,Fold01
47,VF,F,0.08451150307531326,0.5770390525364391,0.3307289373745565,0.0077205070136911165,Fold01
48,VF,VF,0.9875622243960216,0.012134156679361045,3.034030266077265e-4,2.1589800946189122e-7,Fold01
49,VF,VF,0.9769173531889553,0.02217658011337894,9.050344001316752e-4,1.032297534114933e-6,Fold01
50,VF,VF,0.9801830032810308,0.019153771666427392,6.624589262781614e-4,7.661262635887511e-7,Fold01
51,VF,VF,0.957545909423231,0.04054433066231479,0.0019047134939901215,5.04642046392297e-6,Fold01
52,VF,VF,0.9872374047908536,0.012428861543775779,3.334949865136547e-4,2.3867885683455223e-7,Fold01
53,VF,VF,0.959621083447948,0.03815929000899058,0.0022160342202432928,3.59232281813073e-6,Fold01
54,VF,VF,0.9267617946061891,0.06894314900891166,0.00428316389711593,1.189248778333976e-5,Fold01
55,VF,VF,0.9264445694223176,0.06921441061711725,0.004329013844191695,1.2006116373382564e-5,Fold01
56,VF,VF,0.9263946292855847,0.06933977323741211,0.0042537889336104655,1.1808543392866014e-5,Fold01
57,VF,VF,0.9887127005955533,0.01102152519844039,2.655890648780857e-4,1.8514112837014116e-7,Fold01
58,VF,VF,0.970709756260137,0.027858765461622727,0.0014295266081152456,1.9516701250550366e-6,Fold01
59,VF,VF,0.9355223632711598,0.06101654293536922,0.003453753525510996,7.340267960147948e-6,Fold01
60,VF,VF,0.8982292465818918,0.09129932683805732,0.010446258198826342,2.5168381224249106e-5,Fold01
61,VF,VF,0.9908595187554546,0.00887505804876365,2.6527815678763716e-4,1.4503899395524872e-7,Fold01
62,VF,VF,0.9914448822046062,0.008367227437551049,1.8781313021997846e-4,7.722762279286669e-8,Fold01
63,VF,VF,0.8711985867907529,0.10260564746826992,0.025520137177887557,6.756285630896765e-4,Fold01
64,VF,VF,0.97580331906703,0.023275806639716384,9.199891597491497e-4,8.851335045024864e-7,Fold01
65,VF,VF,0.5337454970485017,0.27033348089254944,0.18078569328008579,0.015135328778863175,Fold01
66,VF,VF,0.5977372598157488,0.27306627777172726,0.12042328120161246,0.008773181210911448,Fold01
67,VF,F,0.31244583253068503,0.3388463094304131,0.3068530227405544,0.041854835298347534,Fold01
68,VF,VF,0.9123433147485377,0.08108852558249807,0.0065442837166187,2.3875952345473665e-5,Fold01
69,VF,VF,0.9159461834252626,0.07509021067589212,0.008055620159540103,9.079857393052745e-4,Fold01
70,VF,VF,0.9141032251058167,0.07661988774067631,0.008321049130826628,9.558380226805006e-4,Fold01
71,VF,VF,0.9714110767063363,0.026842545744864856,0.0017441165680438708,2.2609807549911767e-6,Fold01
72,VF,VF,0.9816820471668946,0.017487579092780033,8.295249469543581e-4,8.487933709180919e-7,Fold01
73,VF,VF,0.9816854845833345,0.017506112110839418,8.075625329450215e-4,8.407728812294516e-7,Fold01
74,VF,VF,0.9523548121890811,0.044472964922967415,0.0031641540116436597,8.068876307846807e-6,Fold01
75,VF,VF,0.9721118771850353,0.026666140864043085,0.001218473596650176,3.508354271463619e-6,Fold01
76,VF,VF,0.9745002021825018,0.024495428773186473,0.001002777152900187,1.5918914117418853e-6,Fold01
77,VF,VF,0.7986738041868419,0.17748576492056417,0.02365188780760549,1.8854308498859526e-4,Fold01
78,VF,VF,0.9885608310770744,0.011203343101205994,2.356735444955991e-4,1.5227722420655166e-7,Fold01
79,VF,VF,0.9889736707223077,0.010780122117815628,2.4605423860950477e-4,1.529212671444127e-7,Fold01
80,VF,VF,0.9713789299000641,0.02745702104800322,0.0011604167775867203,3.632274345930494e-6,Fold01
81,VF,VF,0.9753267361713319,0.023629542923678002,0.0010415294924118854,2.191412578094943e-6,Fold01
82,VF,VF,0.9703061117585937,0.028312428843118003,0.0013768462759980225,4.613122290383316e-6,Fold01
83,VF,VF,0.9917060303039612,0.008057309777314229,2.365507216007587e-4,1.09197123740518e-7,Fold01
84,VF,VF,0.9424026744870811,0.05468922534691629,0.0029015503917350968,6.549774267517019e-6,Fold01
85,VF,VF,0.8921386591402035,0.10341897421083139,0.00443322798996624,9.138658998850262e-6,Fold01
86,VF,VF,0.9110022100876954,0.08566140752135186,0.0033315794945170856,4.802896435656601e-6,Fold01
87,VF,VF,0.8538234469302715,0.13712478817522913,0.009031567838698278,2.0197055801101664e-5,Fold01
88,VF,VF,0.9144958568219336,0.08145325719702616,0.004047646071937441,3.2399091026401133e-6,Fold01
89,VF,VF,0.8994292136601767,0.09702336104625424,0.0035410153543154414,6.409939253567021e-6,Fold01
90,VF,VF,0.6351968620231678,0.3581086764641867,0.006668649061604747,2.5812451040662575e-5,Fold01
91,VF,VF,0.8717156858841375,0.12279394482561709,0.005471966567597609,1.840272264775798e-5,Fold01
92,VF,VF,0.8863816709068186,0.1091790482100334,0.004429300104547964,9.980778599872619e-6,Fold01
93,VF,VF,0.8859842272422243,0.10954957699357125,0.0044560892469444535,1.0106517260320806e-5,Fold01
94,VF,VF,0.9150897917174389,0.08239322442696025,0.002513611367365058,3.3724882358962414e-6,Fold01
95,VF,VF,0.9030167742949257,0.09319102014746722,0.0037862557802886203,5.949777318442321e-6,Fold01
96,VF,VF,0.8862154478616981,0.10783605738878536,0.00593573588675399,1.2758862762411727e-5,Fold01
97,VF,VF,0.8468074780027653,0.14509100854378823,0.008070122117455463,3.139133599100151e-5,Fold01
98,VF,VF,0.9028578603802472,0.09387851214908535,0.0032580461779856077,5.581292681930324e-6,Fold01
99,VF,VF,0.8494847701886925,0.1406018342034714,0.009889040290721914,2.4355317114152628e-5,Fold01
100,VF,VF,0.8980186454633639,0.09765205025851116,0.004321778478118298,7.525800006720464e-6,Fold01
101,VF,VF,0.6215212619598085,0.3707613400143912,0.007685053252371819,3.234477342851623e-5,Fold01
102,VF,VF,0.8845147968069403,0.10820517555148917,0.0072682038438797785,1.1823797690734649e-5,Fold01
103,VF,VF,0.8340881086690464,0.15629534652998836,0.009589947998199951,2.659680276517622e-5,Fold01
104,VF,VF,0.6175359782711447,0.3749004895397433,0.007530446558340647,3.308563077131697e-5,Fold01
105,VF,VF,0.8400409470069238,0.14943887836465025,0.01049174152969276,2.8433098733181096e-5,Fold01
106,VF,VF,0.8324295672462761,0.15645289506066726,0.011086328556669257,3.120913638733935e-5,Fold01
107,VF,VF,0.8790225887861074,0.11447389932292062,0.006487871828260921,1.5640062711051703e-5,Fold01
108,VF,VF,0.8429516618205006,0.14669355966648515,0.010326996421044158,2.778209196987515e-5,Fold01
109,VF,VF,0.611459632538831,0.3805149954080813,0.007988715971624698,3.665608146288195e-5,Fold01
110,VF,VF,0.8808949421786705,0.1132670799653318,0.005823289787656007,1.4688068341737011e-5,Fold01
111,VF,VF,0.8993865615601285,0.09677691980414377,0.0038295325276729163,6.986108054761706e-6,Fold01
112,VF,VF,0.8394916930834905,0.14917506333049085,0.011301675857176226,3.1567728842328895e-5,Fold01
113,VF,VF,0.5306078634314285,0.37387025911657706,0.08239941194022908,0.013122465511765451,Fold01
114,VF,VF,0.8875118902396575,0.1080251979593928,0.004450523600430122,1.2388200519475253e-5,Fold01
115,VF,VF,0.8847946628018156,0.1097347262361391,0.00545864941503507,1.1961547010174273e-5,Fold01
116,VF,VF,0.6001404909634377,0.38973658486653295,0.010072037095008582,5.0887075020698566e-5,Fold01
117,VF,VF,0.5917984204885497,0.39752046243618083,0.010624262378213937,5.6854697055538224e-5,Fold01
118,VF,VF,0.8965043972031221,0.09936514821990286,0.00412273239893649,7.722178038341653e-6,Fold01
119,VF,VF,0.8679494887339246,0.1239746546820896,0.008051185454399045,2.4671129586906494e-5,Fold01
120,VF,VF,0.5817390484907308,0.40685202140062776,0.011343805072117316,6.512503652406952e-5,Fold01
121,VF,VF,0.573764755512301,0.41423281524342276,0.011930048202382233,7.238104189395926e-5,Fold01
122,VF,VF,0.8404989949797198,0.14965677678815867,0.00979267651755871,5.155171456291431e-5,Fold01
123,VF,VF,0.5676901437174428,0.4198410892657209,0.012390481614410679,7.828540242571795e-5,Fold01
124,VF,VF,0.5680874745222164,0.41947080291878897,0.012363759560769193,7.79629982254385e-5,Fold01
125,VF,VF,0.8981045212278906,0.09741964066872494,0.004467601174301841,8.236929082450609e-6,Fold01
126,VF,VF,0.8845382161364731,0.11061819492911426,0.00482981635140045,1.3772583012394819e-5,Fold01
127,VF,VF,0.7962954308166272,0.1865537196050426,0.01707704260719955,7.380697113072787e-5,Fold01
128,VF,VF,0.9150219166759964,0.08186969994912459,0.0031041835569391345,4.199817940022772e-6,Fold01
129,VF,VF,0.8609216969027497,0.1309868696204324,0.008074669522540354,1.6763954277563076e-5,Fold01
130,VF,VF,0.9115106757944949,0.08528893221723567,0.003195881104303107,4.510883966442974e-6,Fold01
131,VF,VF,0.9102747410601005,0.08641356699539311,0.0033069813836782854,4.710560828017061e-6,Fold01
132,VF,VF,0.9002320526482509,0.09466993816332388,0.005091201939853292,6.807248572029709e-6,Fold01
133,VF,VF,0.900455149413764,0.09446465021815337,0.005073455344947087,6.745023135536737e-6,Fold01
134,VF,VF,0.8967221655969932,0.09756846071309336,0.00570156228083538,7.811409078270536e-6,Fold01
135,VF,VF,0.8591926960053098,0.13270906885994485,0.00808079995474469,1.743518000070706e-5,Fold01
136,VF,VF,0.9122512835509504,0.08446577536887052,0.003278239630405107,4.701449773921949e-6,Fold01
137,VF,VF,0.9213431694490509,0.0770930805339218,0.0015469990470730372,1.6750969954260808e-5,Fold01
138,VF,VF,0.8493042713421977,0.14072550286448726,0.009947931738136724,2.2294055178336144e-5,Fold01
139,VF,VF,0.9586918624008662,0.04027546508571337,0.0010317126636066167,9.598498137294655e-7,Fold01
140,VF,VF,0.895548874921323,0.0933482141407006,0.01109100550904847,1.1905428928004714e-5,Fold01
141,VF,VF,0.9662497093231116,0.03233910087163548,0.0014096797727872613,1.5100324656639028e-6,Fold01
142,VF,VF,0.9798559199153678,0.01954576350338505,5.980660201293797e-4,2.5056111776134806e-7,Fold01
143,VF,VF,0.928789884521547,0.06621300116816246,0.00499199333381346,5.120976477298413e-6,Fold01
144,VF,VF,0.9661809873086946,0.03237345788855531,0.0014446966405767408,8.581621731984385e-7,Fold01
145,VF,VF,0.9786443318519409,0.020543769333526963,8.110262431308161e-4,8.72571401414741e-7,Fold01
146,VF,F,0.11877661812269236,0.7771075698903223,0.10378241919138555,3.333927955999617e-4,Fold01
147,VF,F,0.10963136900595484,0.7856875044668074,0.10430471964360212,3.7640688363575357e-4,Fold01
148,VF,F,0.13045924838354397,0.7820385077587715,0.08725116310282822,2.5108075485625724e-4,Fold01
149,VF,F,0.118587311194467,0.7503934964744061,0.13068016506611277,3.390272650138849e-4,Fold01
150,VF,VF,0.8049012969234436,0.18338186332529952,0.01170655585766864,1.028389358818349e-5,Fold01
151,VF,VF,0.6350021375557832,0.31128103695393483,0.053603233569542726,1.1359192073935594e-4,Fold01
152,VF,VF,0.6318737764816619,0.3133561157727193,0.054651844679874835,1.1826306574395442e-4,Fold01
153,VF,VF,0.7389381040039101,0.24246019281861353,0.018566960224142927,3.474295333333133e-5,Fold01
154,VF,VF,0.7316738437226865,0.24921945496006997,0.01906802961503336,3.867170221017824e-5,Fold01
155,VF,VF,0.7275002910370292,0.250893813172223,0.021566501808214063,3.9393982533726255e-5,Fold01
156,VF,VF,0.7379694174041463,0.2399291241302848,0.0220829452003076,1.851326526118622e-5,Fold01
157,VF,VF,0.7454390076785331,0.23224626269913523,0.022285337798053775,2.939182427788455e-5,Fold01
158,VF,VF,0.7222103122779358,0.25572799827368237,0.022025012709243764,3.6676739138029244e-5,Fold01
159,VF,VF,0.7419233065874926,0.23992650598087936,0.018126658364251733,2.3529067376303702e-5,Fold01
160,VF,VF,0.7084195588323207,0.26618346261483156,0.02533444666050846,6.253189233922756e-5,Fold01
161,VF,VF,0.7726721896744979,0.2090576068054947,0.01825533045007144,1.4873069935782776e-5,Fold01
162,VF,VF,0.7411960745193584,0.2391736994399529,0.01960384521497842,2.638082571020872e-5,Fold01
163,VF,VF,0.7124027868159247,0.25653463908730245,0.031022211670143032,4.036242662985809e-5,Fold01
164,VF,VF,0.7192077469742713,0.2579252858034109,0.02282319185313783,4.3775369180122684e-5,Fold01
165,VF,VF,0.7418595695896346,0.23181532186738474,0.026291168032191684,3.394051078896188e-5,Fold01
166,VF,VF,0.6079875314524185,0.34644555132314797,0.04545963655101993,1.0728067341371657e-4,Fold01
167,VF,VF,0.7392631380152499,0.23955762010340825,0.021146787734002203,3.245414733958419e-5,Fold01
168,VF,VF,0.7704829677677412,0.20634731115336086,0.023151373404642517,1.8347674255327714e-5,Fold01
169,VF,VF,0.7681594079335109,0.21667167113946764,0.015150704810424576,1.8216116596858284e-5,Fold01
170,VF,VF,0.6903767693063577,0.2677582431953788,0.041797218567948505,6.776893031496503e-5,Fold01
171,VF,VF,0.7123066470521683,0.2633202713293506,0.02432733978438152,4.574183409959243e-5,Fold01
172,VF,VF,0.5790093781582731,0.36561051563367136,0.055211480430245936,1.686257778095494e-4,Fold01
173,VF,VF,0.6836924690447105,0.28338573116824767,0.032835962041623014,8.583774541892537e-5,Fold01
174,VF,VF,0.6977413055588119,0.2763480832176245,0.02587545935454943,3.5151869014117e-5,Fold01
175,VF,VF,0.7131732592080358,0.25902629364362706,0.02776507033466996,3.537681366729683e-5,Fold01
176,VF,VF,0.7268013250632078,0.25081006363005237,0.022362016648545188,2.659465819455918e-5,Fold01
177,VF,F,0.09643482685837329,0.7878652030726807,0.11302017146914065,0.0026797985998051493,Fold01
178,F,F,0.30852015618364415,0.5743957332979827,0.11526576947404187,0.0018183410443311783,Fold01
179,F,L,0.003629907797327919,0.08967472150381636,0.27472830880168153,0.6319670618971742,Fold01
180,F,VF,0.8162112976845646,0.13840979924149174,0.04487401636694098,5.048867070027358e-4,Fold01
181,F,VF,0.8054500246724359,0.14437774716577254,0.04980389458481601,3.68333576975583e-4,Fold01
182,F,F,0.24257614920967083,0.45503938146950723,0.21821748444092914,0.08416698487989288,Fold01
183,F,F,0.17991992317041888,0.44855439508663186,0.1949527901875641,0.17657289155538505,Fold01
184,F,VF,0.7184922131417069,0.24307243751338098,0.03828628466479413,1.4906468011811612e-4,Fold01
185,F,VF,0.7870749138974232,0.18997624037966487,0.0229176745366317,3.117118628010315e-5,Fold01
186,F,VF,0.792498606132638,0.18640061236143807,0.021077592945660143,2.318856026369976e-5,Fold01
187,F,VF,0.8838839418975833,0.10904904441275436,0.007062072521651107,4.941168011194912e-6,Fold01
188,F,F,0.131668117675015,0.6202153112286379,0.24522387130513124,0.0028926997912159056,Fold01
189,F,F,0.12651077308870817,0.6096966671592182,0.26083808395030245,0.0029544758017712018,Fold01
190,F,M,0.01456121189053887,0.32623190562479415,0.595497666466275,0.06370921601839194,Fold01
191,F,F,0.1590518733869699,0.6312171891956738,0.20789499372292422,0.0018359436944321073,Fold01
192,F,F,0.10920970533787938,0.5990013505887785,0.2881366731557734,0.0036522709175686435,Fold01
193,F,M,0.0031389667235828633,0.14253702176641367,0.5875186413997171,0.2668053701102863,Fold01
194,F,F,0.09425469779775997,0.5827993857253106,0.3182536292079269,0.0046922872690024825,Fold01
195,F,F,0.1854731120449354,0.6403699535952996,0.17290886638257502,0.001248067977189926,Fold01
196,F,F,0.10511581697334892,0.6099694654132489,0.28177329608771784,0.0031414215256843282,Fold01
197,F,F,0.15142619565986226,0.6238218944198646,0.2225621028356752,0.002189807084597992,Fold01
198,F,F,0.15155604667467712,0.6264246004416842,0.21984387733665853,0.002175475546980079,Fold01
199,F,F,0.10669719171471524,0.6181348354015602,0.2707182585801494,0.004449714303575049,Fold01
200,F,F,0.08135952284469468,0.6016844924170996,0.30970053179743823,0.007255452940767373,Fold01
201,F,F,0.06759671076696727,0.5726734460261049,0.3469887786052778,0.012741064601649924,Fold01
202,F,F,0.17449480623420202,0.6318561600954468,0.19216516288144864,0.0014838707889026248,Fold01
203,F,M,0.04319906155601274,0.46590326896636636,0.47519030434824433,0.01570736512937649,Fold01
204,F,VF,0.5835502754381637,0.24898007504902478,0.12729854960584833,0.04017109990696321,Fold01
205,F,VF,0.8712551452719598,0.12070564931212091,0.008016428608496103,2.2776807423072917e-5,Fold01
206,F,VF,0.8754459099004241,0.11747051065469216,0.007066783710627538,1.6795734256067498e-5,Fold01
207,F,VF,0.8832072136768103,0.11098746288768578,0.005791971089825732,1.33523456780158e-5,Fold01
208,F,VF,0.8674563361871538,0.12487035815523399,0.007650684836034549,2.262082157760557e-5,Fold01
209,F,VF,0.8182990938503847,0.16813191317951046,0.013522635486950575,4.635748315432802e-5,Fold01
210,F,VF,0.8746294133721385,0.11678663784772984,0.008565725909359473,1.8222870772170603e-5,Fold01
211,F,VF,0.831797513623188,0.15774100201434169,0.010403065734438372,5.8418628032033634e-5,Fold01
212,F,VF,0.559584530095418,0.4291561318595541,0.01118577547367197,7.356257135598487e-5,Fold01
213,F,VF,0.5531884282078311,0.4350879045788198,0.011643633082030466,8.003413131875135e-5,Fold01
214,F,VF,0.7879989620388594,0.1939854675198387,0.01790276621388163,1.1280422742032488e-4,Fold01
215,F,VF,0.8673445455135416,0.12662185506938034,0.006013752981582632,1.9846435495469374e-5,Fold01
216,F,VF,0.8910099798311156,0.09462423115940198,0.01431747397740761,4.8315032074739295e-5,Fold01
217,F,VF,0.8264880925908825,0.139461974785275,0.03380099983980301,2.4893278403933107e-4,Fold01
218,F,F,0.12221720769220583,0.5260072747598188,0.34627815642420945,0.005497361123765989,Fold01
219,F,VF,0.46095664913438156,0.3313034323389962,0.1988225955435983,0.00891732298302378,Fold01
220,F,VF,0.8762492319159988,0.1116795567851395,0.012045995010965566,2.521628789609173e-5,Fold01
221,F,F,0.13742659899540474,0.3954472582988916,0.3753198502513473,0.09180629245435644,Fold01
222,F,VF,0.4450756523937231,0.2892204397397606,0.23100139642218878,0.03470251144432749,Fold01
223,F,F,0.09929779174205988,0.7870346901397338,0.11316003341970131,5.074846985049613e-4,Fold01
224,F,F,0.07948567361576672,0.7737098317623483,0.14589316295602908,9.113316658559389e-4,Fold01
225,F,F,0.09076327689812877,0.7391176695360501,0.16957256315280833,5.464904130127603e-4,Fold01
226,F,F,0.08762715698488635,0.7817622746242996,0.12997809390509568,6.324744857185573e-4,Fold01
227,F,F,0.12218882923414184,0.7542482618264209,0.12333393020538798,2.289787340491905e-4,Fold01
228,F,F,0.10923335928866182,0.7787981660447614,0.11158484513847496,3.8362952810179376e-4,Fold01
229,F,F,0.10165672222065801,0.7833471879045709,0.11456542943742823,4.3066043734270494e-4,Fold01
230,F,F,0.06481820248003028,0.7547045795971248,0.1795215929030489,9.556250197961299e-4,Fold01
231,F,F,0.040994882134222255,0.7390467805172376,0.21145760053645202,0.008500736812087887,Fold01
232,F,F,0.07790251453733928,0.7128219424766628,0.20863333818916474,6.422047968333648e-4,Fold01
233,F,F,0.060509965446932275,0.7566476835322496,0.1817530181950252,0.0010893328257929906,Fold01
234,F,F,0.10616164466745466,0.7776771498847308,0.11570657127620074,4.5463417161371053e-4,Fold01
235,F,F,0.1049794512269602,0.7788065724005402,0.11575216800833375,4.618083641657456e-4,Fold01
236,F,F,0.08347305543609414,0.7797369878467388,0.1361209354572847,6.690212598822055e-4,Fold01
237,F,F,0.11092994332784638,0.7482205480637281,0.14047729504217077,3.722135662547211e-4,Fold01
238,F,F,0.08548400361146875,0.7173201162502013,0.19639484538043137,8.010347578985559e-4,Fold01
239,F,F,0.09210790952703454,0.8235494185373616,0.07913477670834258,0.005207895227261155,Fold01
240,F,F,0.060257640964667125,0.7622341679205177,0.17543218668442337,0.0020760044303916128,Fold01
241,F,F,0.08993484997423051,0.7874067455969719,0.12188532851728769,7.730759115099008e-4,Fold01
242,F,F,0.12247174469243834,0.8203715855136868,0.054999671546792424,0.0021569982470823743,Fold01
243,F,F,0.10775058729375467,0.7769704253831455,0.1149424870391828,3.3650028391717535e-4,Fold01
244,F,F,0.11396358379962473,0.7919488897753016,0.09378240569956102,3.051207255125615e-4,Fold01
245,F,F,0.11986843888693367,0.7805806901763245,0.0992444560422025,3.064148945394222e-4,Fold01
246,F,VF,0.7392724819786253,0.2423528618675475,0.018338715588962166,3.5940564865063617e-5,Fold01
247,F,VF,0.8329426741640734,0.15886753839312304,0.00818523143612471,4.556006678881911e-6,Fold01
248,F,VF,0.7410474440979655,0.2304667300535228,0.028459973914284398,2.5851934227336472e-5,Fold01
249,F,F,0.430116454000538,0.4701841808169075,0.09325885254209954,0.006440512640455082,Fold01
250,F,F,0.4323224686837655,0.4691487860969424,0.09224870443134085,0.006280040787951432,Fold01
251,F,F,0.4302305803825314,0.47016622931152746,0.09318209647697252,0.006421093828968679,Fold01
252,F,VF,0.6814849026383606,0.2844925612245315,0.03394473969684636,7.779644026159228e-5,Fold01
253,F,F,0.38301508845508325,0.4541171092693573,0.1534623705246903,0.00940543175086935,Fold01
254,F,F,0.3034163876649327,0.49985738007490915,0.1795910536153576,0.01713517864480053,Fold01
255,F,VF,0.6972304245954987,0.27024095618847144,0.03247484091423662,5.3778301793287584e-5,Fold01
256,F,VF,0.6471921392459999,0.3147511598191542,0.03791467233143238,1.4202860341351554e-4,Fold01
257,F,VF,0.6353333510945406,0.3256374527324495,0.03887164175021527,1.5755442279443872e-4,Fold01
258,F,VF,0.5979454165028841,0.35482250593797365,0.047021819544081855,2.1025801506036157e-4,Fold01
259,F,VF,0.666561529827339,0.3029923733742582,0.030400419565050525,4.567723335223983e-5,Fold01
260,F,VF,0.5943269471764387,0.34815962520150034,0.057322333406603,1.910942154578099e-4,Fold01
261,F,F,0.07759462958436981,0.7482968332469876,0.16927929498851446,0.004829242180128132,Fold01
262,F,F,0.07869523707959374,0.7888135826061456,0.1275407610935526,0.004950419220708156,Fold01
263,F,F,0.06928253658775564,0.7320389407937837,0.19213488702225562,0.0065436355962050245,Fold01
264,F,F,0.0697756632218272,0.7347490936220828,0.1889911141612981,0.006484128994792047,Fold01
265,F,F,0.06978968185448135,0.7325012534337528,0.19117851394604643,0.006530550765719332,Fold01
266,F,F,0.011658809549389618,0.41980609731690066,0.18637394330524412,0.3821611498284656,Fold01
267,F,F,0.01179714558165274,0.4224328695951687,0.1866517688484473,0.37911821597473133,Fold01
268,F,F,0.0687942918890806,0.7335038039269295,0.19100554041951126,0.006696363764478639,Fold01
269,F,F,0.03922434720842977,0.7348874575704806,0.18623646634526653,0.039651728875823085,Fold01
270,F,F,0.06336183179703454,0.7717531572058459,0.1563192461290137,0.008565764868105721,Fold01
271,F,F,0.06358289777029617,0.7799444105633409,0.1483085324852367,0.008164159181126058,Fold01
272,F,F,0.0761687455589128,0.7848653457864475,0.13353043893597952,0.00543546971866024,Fold01
273,F,F,0.0675806825313489,0.7285866081103614,0.1968608469652075,0.006971862393082142,Fold01
274,F,F,0.06678625915521481,0.7300234552403078,0.19603416659977657,0.007156119004700661,Fold01
275,F,F,0.0934146681664393,0.7597267473135787,0.1435433958769595,0.0033151886430226062,Fold01
276,F,F,0.06065368033122658,0.7718283212982463,0.1581569497747201,0.009361048595807048,Fold01
277,F,F,0.06003813538534713,0.7657585880895205,0.16443870658933474,0.009764569935797867,Fold01
278,F,F,0.02474162544572731,0.6413660232217641,0.22788190153870472,0.10601044979380392,Fold01
279,F,F,0.01585978083360075,0.537901364279921,0.3480196901783223,0.09821916470815607,Fold01
280,F,F,0.07277590414473496,0.7835961554234919,0.13758261941151972,0.006045321020253298,Fold01
281,F,F,0.041995778713673076,0.7310528540987314,0.21225787259041065,0.014693494597184643,Fold01
282,F,F,0.04763636128146818,0.7584089190296383,0.17516421810638325,0.01879050158251029,Fold01
283,F,F,0.07644313223144092,0.7928164786051114,0.12410197802861918,0.006638411134828693,Fold01
284,F,F,0.09255571496102964,0.7518002651681567,0.15201389961616413,0.003630120254649634,Fold01
285,F,F,0.03599021526990844,0.7116566309836841,0.21655809429490594,0.035795059451501285,Fold01
286,M,F,0.3656145742003401,0.5590953885996751,0.0741340211732747,0.0011560160267102325,Fold01
287,M,VF,0.5046639558685954,0.20594244816016216,0.2784792767947743,0.010914319176468243,Fold01
288,M,M,0.25574711875315553,0.18451012130924543,0.47885444567199265,0.08088831426560646,Fold01
289,M,M,0.09554212273612105,0.1441559462449506,0.5819674968434934,0.17833443417543496,Fold01
290,M,M,0.10483581206768,0.14343311182213864,0.5806475232658312,0.17108355284435017,Fold01
291,M,F,0.3411136022504361,0.5263216542474032,0.1303256743868154,0.0022390691153452227,Fold01
292,M,VF,0.4395509936382166,0.41734781019144057,0.14094474053493342,0.00215645563540943,Fold01
293,M,F,0.19031807956576338,0.643188833455433,0.16562185945390784,8.712275248958078e-4,Fold01
294,M,L,2.3244159469802602e-4,0.02496363373390859,0.3128317591945068,0.6619721654768865,Fold01
295,M,L,1.0356328747919687e-4,0.016788930646168477,0.21916868572003315,0.7639388203463192,Fold01
296,M,VF,0.7472499027672086,0.22601855040368188,0.02644872291486525,2.828239142443531e-4,Fold01
297,M,L,0.0028360569645491484,0.01726290593452184,0.020141786185482336,0.9597592509154468,Fold01
298,M,F,0.0738256564247841,0.7554665658095925,0.1700693832671986,6.38394498424841e-4,Fold01
299,M,M,0.010875169228421744,0.4594597251531214,0.4745926985987213,0.055072407019735495,Fold01
300,M,F,0.05319386528438414,0.7528509590849153,0.1927023128947554,0.0012528627359452828,Fold01
301,M,F,0.009919670021958421,0.5064792451478839,0.35402763550211525,0.1295734493280425,Fold01
302,M,F,0.013602205000239903,0.544623274511753,0.29787235819235475,0.14390216229565223,Fold01
303,M,F,0.08337477288059034,0.7314479095457178,0.18434688908420177,8.304284894900743e-4,Fold01
304,M,F,0.08005903044111466,0.771692565165505,0.1474005489556273,8.47855437753113e-4,Fold01
305,M,F,0.058447180658874526,0.7613169199894696,0.1780749310109238,0.002160968340732022,Fold01
306,M,F,0.07676708501425723,0.7697531336599288,0.152566799541727,9.129817840870698e-4,Fold01
307,M,F,0.07079268274506915,0.7623972090873559,0.16574845346484662,0.001061654702728459,Fold01
308,M,F,0.049347663246941356,0.7448911579553176,0.20455717299246554,0.001204005805275592,Fold01
309,M,VF,0.6832505407084042,0.2598013743398243,0.05690573950329475,4.234544847662586e-5,Fold01
310,M,F,0.3200191009924884,0.5064818982191237,0.154876032531928,0.018622968256459878,Fold01
311,M,F,0.21117327377753353,0.49418660368479767,0.2828527983312875,0.011787324206381188,Fold01
312,M,L,0.0015709832969086671,0.01718571786728016,0.03021684097272665,0.9510264578630846,Fold01
313,M,VF,0.7153635721157732,0.25286447983096605,0.03173166416121064,4.0283892050193635e-5,Fold01
314,M,M,0.023473424244118135,0.22553262058027634,0.5576506459578036,0.19334330921780202,Fold01
315,M,VF,0.5519459586809639,0.38573313237787743,0.06210817025539467,2.1273868576410137e-4,Fold01
316,M,VF,0.4699251906491486,0.42534355895531695,0.1042999500833998,4.313003121346612e-4,Fold01
317,M,VF,0.5838789657421369,0.3439191565428679,0.07196279641544545,2.390812995496247e-4,Fold01
318,M,F,0.048746644977979044,0.7658499537202612,0.17598229007718766,0.009421111224572096,Fold01
319,M,F,0.04825634896670449,0.7513311519406054,0.19028285416934873,0.010129644923341405,Fold01
320,M,F,0.019230609088344203,0.5966262468653662,0.2890027474635115,0.09514039658277812,Fold01
321,M,F,0.03699024559853395,0.7021783195298841,0.21438711031370905,0.0464443245578728,Fold01
322,M,F,0.021267161929086464,0.6014982472608511,0.2717148894347526,0.10551970137530996,Fold01
323,M,F,0.03681704050642323,0.7030506252611525,0.2124786680904926,0.04765366614193155,Fold01
324,M,F,0.03926112469655724,0.7267426557359015,0.2178922636522208,0.016103955915320548,Fold01
325,M,F,0.03369506719945765,0.7037110755916322,0.2344292951936623,0.02816456201524803,Fold01
326,M,F,0.028688846469670577,0.6424514039262177,0.2988210414222565,0.030038708181855226,Fold01
327,L,L,7.846397493342813e-4,0.04045226780141208,0.17829320859884615,0.7804698838504075,Fold01
328,L,L,0.0012856330898393155,0.05211588469633006,0.22296186286840394,0.7236366193454268,Fold01
329,L,M,0.007234950780387177,0.05150661130341749,0.5271949938892864,0.414063444026909,Fold01
330,L,L,0.005999026949195817,0.049128927855793945,0.39813812838824975,0.5467339168067605,Fold01
331,L,M,0.019702091414939057,0.08066688331267793,0.5678959979680965,0.33173502730428645,Fold01
332,L,M,0.004961505194939145,0.043014447274254755,0.4958910277512324,0.4561330197795737,Fold01
333,L,L,0.0036486154436862497,0.038031767700953255,0.3633665624114693,0.5949530544438912,Fold01
334,L,F,0.07910197035225856,0.5809875596603937,0.33481738490629953,0.005093085081048261,Fold01
335,L,L,1.9768284209956897e-4,0.022815061423593744,0.3065967190872205,0.6703905366470861,Fold01
336,L,F,0.059464869295690004,0.5421972967890696,0.3897931824639855,0.008544651451254968,Fold01
337,L,VF,0.612218515117483,0.3218875895234645,0.06483275223442239,0.0010611431246299449,Fold01
338,L,L,8.204596845282902e-16,2.1316975335415404e-11,3.001436577887436e-7,0.9999996998350245,Fold01
339,L,F,0.2997362450736579,0.41653037822880057,0.26013595359087854,0.023597423106662938,Fold01
340,L,F,0.026191844878144813,0.6451173741518009,0.32241539703170424,0.00627538393834996,Fold01
341,L,F,0.05340559497428153,0.7462599217473876,0.19755541776671678,0.002779065511614078,Fold01
342,L,L,0.003207882028279638,0.2488212185929174,0.33713865865709386,0.41083224072170915,Fold01
343,L,L,1.379047592697343e-6,4.3305003062268704e-4,0.001394347913400194,0.9981712230083845,Fold01
344,L,L,1.3811184022201261e-6,4.332419110550612e-4,0.0013954430461288825,0.9981699339244139,Fold01
345,L,F,0.026295064644866223,0.6768979274203409,0.24044500373280805,0.05636200420198477,Fold01
346,L,F,0.02604415958754733,0.6754036053845748,0.24132218401812075,0.05723005100975717,Fold01
347,L,L,6.960035559473822e-8,5.436411131415652e-5,3.2105463972847487e-4,0.9996245116486018,Fold01
348,VF,VF,0.9412219425466539,0.05435179736349456,0.004413963132411097,1.2296957440413578e-5,Fold02
349,VF,VF,0.9482549180294342,0.04826368223842771,0.003473475079663072,7.924652474915227e-6,Fold02
350,VF,VF,0.9581118444857347,0.03952440203440559,0.0023606573376605076,3.096142199396357e-6,Fold02
351,VF,VF,0.9095276711196054,0.07808624724459473,0.012300204148316911,8.58774874828509e-5,Fold02
352,VF,VF,0.89148118097688,0.08601301705839441,0.022396506296488237,1.0929566823737562e-4,Fold02
353,VF,VF,0.9109269268380519,0.07371180798559095,0.015319220041520514,4.204513483663478e-5,Fold02
354,VF,VF,0.9604985721075943,0.0359869219254763,0.0035108440558680866,3.661911061446348e-6,Fold02
355,VF,VF,0.9543906380799186,0.038837197547527985,0.006767579877215085,4.584495338287632e-6,Fold02
356,VF,VF,0.982830821348507,0.01634729036828836,8.207967834097809e-4,1.091499794814195e-6,Fold02
357,VF,VF,0.9858069108689651,0.013583874168308653,6.083038962647402e-4,9.110664614611962e-7,Fold02
358,VF,VF,0.9850277668686932,0.014031032101763895,9.402040374888182e-4,9.969920542612054e-7,Fold02
359,VF,VF,0.9845470006450646,0.014480795047966852,9.713373454411402e-4,8.669615272360585e-7,Fold02
360,VF,VF,0.9885873558337588,0.01100111744453757,4.11157106652223e-4,3.6961505129568426e-7,Fold02
361,VF,VF,0.9885936175396247,0.01098762176605377,4.1848560871250636e-4,2.7508560881962435e-7,Fold02
362,VF,VF,0.9816862753011305,0.017361590021506227,9.504412489867975e-4,1.693428376661758e-6,Fold02
363,VF,VF,0.9822053985453872,0.016861040074854946,9.316682670502177e-4,1.8931127075739459e-6,Fold02
364,VF,VF,0.9884880030078517,0.011096552750760593,4.1508012348643767e-4,3.641179012514271e-7,Fold02
365,VF,VF,0.977502091125507,0.021341143924660657,0.0011533704424544686,3.394507377746579e-6,Fold02
366,VF,VF,0.9726111578903931,0.02502925922699696,0.0023528624733517764,6.720409258140786e-6,Fold02
367,VF,VF,0.9805810615057408,0.018193433919358445,0.001223487593125306,2.0169817754185804e-6,Fold02
368,VF,VF,0.9801748578175601,0.01857453429220726,0.0012487232429292858,1.8846473033502599e-6,Fold02
369,VF,VF,0.9729258370439793,0.025445470118590205,0.0016218418381976753,6.850999232872707e-6,Fold02
370,VF,VF,0.9706356656841724,0.027380388245988003,0.0019734174630445874,1.0528606795034573e-5,Fold02
371,VF,VF,0.9814355737246412,0.01777970865107598,7.830491320317784e-4,1.668492250914213e-6,Fold02
372,VF,VF,0.9244613712477638,0.06351502242942354,0.010634479703058926,0.0013891266197536788,Fold02
373,VF,VF,0.9886241035345041,0.010941388993482156,4.3394181481866623e-4,5.656571948659339e-7,Fold02
374,VF,VF,0.9668749286231308,0.030219234941975988,0.0028920372317911194,1.3799203102203237e-5,Fold02
375,VF,VF,0.9791998643278474,0.019431864853248555,0.001366067466462018,2.2033524420580197e-06,Fold02
376,VF,VF,0.9830275556926306,0.01628674278314095,6.84125871383e-4,1.5756528455089801e-6,Fold02
377,VF,VF,0.7014405774181297,0.2713657402311336,0.02709991540308898,9.3766947647608e-5,Fold02
378,VF,VF,0.6369720942490321,0.32579071978469487,0.03702707772899797,2.1010823727501572e-4,Fold02
379,VF,VF,0.6322773431419908,0.336910549088958,0.03056442071417642,2.4768705487474636e-4,Fold02
380,VF,VF,0.6203508205703568,0.33192449428211057,0.04746032450605072,2.6436064148187304e-4,Fold02
381,VF,VF,0.7151039331017949,0.2631020973571353,0.02171414971495748,7.981982611228e-5,Fold02
382,VF,VF,0.6191431071478176,0.3238063279067091,0.056782720912847424,2.678440326260057e-4,Fold02
383,VF,VF,0.562779231982668,0.38640022287974746,0.05002290881690245,7.97636320681972e-4,Fold02
384,VF,VF,0.6605080884070794,0.30801197776650363,0.031275523269467316,2.0441055694964195e-4,Fold02
385,VF,VF,0.7276203676342633,0.25152868224996433,0.020764312283776124,8.663783199639988e-5,Fold02
386,VF,VF,0.6633373587295865,0.30574356990844864,0.030729032860136833,1.9003850182807067e-4,Fold02
387,VF,VF,0.7439828917338943,0.22187169926631833,0.03405797130724074,8.743769254650567e-5,Fold02
388,VF,VF,0.8212638661653462,0.1640594840949966,0.014651657552958185,2.499218669903563e-5,Fold02
389,VF,VF,0.8873386213999938,0.10589300185899775,0.006761657999382415,6.718741626130529e-6,Fold02
390,VF,VF,0.8266728352659787,0.15814294719300076,0.015149209678618743,3.500786240198629e-5,Fold02
391,VF,VF,0.8565566992988626,0.13475015758313413,0.008673446338566912,1.969677943630573e-5,Fold02
392,VF,VF,0.8942612991300574,0.09976400207873284,0.005968922706232837,5.7760849769138835e-6,Fold02
393,VF,F,0.13198171061074782,0.6532314787206327,0.21249146979243383,0.002295340876185685,Fold02
394,VF,F,0.15788677679926982,0.6487568136076048,0.19096837906645361,0.002388030526671634,Fold02
395,VF,F,0.11203674279438236,0.6140490661470885,0.2701824238564734,0.003731767202055814,Fold02
396,VF,VF,0.9623907848742419,0.0355106208168009,0.0020937836847201917,4.810624236803454e-6,Fold02
397,VF,VF,0.993528035572425,0.0063491900573683525,1.2272481840369125e-4,4.955180291822882e-8,Fold02
398,VF,VF,0.9899626932412229,0.009796279443941017,2.4087961259063352e-4,1.4770224537183044e-7,Fold02
399,VF,VF,0.9881459271044214,0.011454318235359499,3.9962618888579425e-4,1.284713333545652e-7,Fold02
400,VF,VF,0.9907345921254742,0.009065932642738408,1.9937304762408233e-4,1.0218416335572538e-7,Fold02
401,VF,VF,0.964041683615766,0.03456527583371609,0.0013910070230506483,2.0335274672398195e-6,Fold02
402,VF,VF,0.9348205089872246,0.055063027569760024,0.01005461695826439,6.184648475112833e-5,Fold02
403,VF,VF,0.9556889515553888,0.04225699977070181,0.0020480803514266346,5.96832248263492e-6,Fold02
404,VF,VF,0.9931305823148928,0.006737727825252586,1.3164058608664157e-4,4.9273768010294184e-8,Fold02
405,VF,VF,0.9590621427743534,0.039034566516321936,0.001897682722576787,5.607986747965652e-6,Fold02
406,VF,VF,0.9825805874130211,0.016838975685791957,5.797981352753016e-4,6.387659113539646e-7,Fold02
407,VF,VF,0.9623393374780829,0.03548999663877344,0.0021667176963609627,3.948186782700355e-6,Fold02
408,VF,VF,0.949146283541308,0.04847132675769883,0.0023762235190822774,6.166181911038001e-6,Fold02
409,VF,VF,0.9924490954073958,0.007331232077576767,2.1960522797007055e-4,6.728705755398053e-8,Fold02
410,VF,VF,0.947208135565465,0.050222452689351105,0.0025613375576754817,8.074187508427389e-6,Fold02
411,VF,VF,0.9500427281152942,0.047352234280735234,0.002596008741050166,9.028862920269422e-6,Fold02
412,VF,VF,0.9790947915741237,0.020099027494546836,8.05049877282007e-4,1.1310540474370412e-6,Fold02
413,VF,VF,0.9788184167430913,0.020324415031556808,8.555544911840354e-4,1.6137341677922903e-6,Fold02
