"","obs","pred","VF","F","M","L","Resample"
"1","VF","VF",0.913634000284252,0.0778669404935211,0.00847914697216923,1.99122500572108e-05,"Fold01"
"2","VF","VF",0.938067211209859,0.0571062261024072,0.00481644712129683,1.01155664366285e-05,"Fold01"
"3","VF","VF",0.947371047127963,0.0494676660505806,0.00315628697275285,4.99984870366781e-06,"Fold01"
"4","VF","VF",0.928907682998407,0.0652894931662221,0.00578717888016108,1.56449552093312e-05,"Fold01"
"5","VF","VF",0.941876397626932,0.0543082950517139,0.00380801274031698,7.29458103661046e-06,"Fold01"
"6","VF","VF",0.951097750280258,0.0461822308074134,0.00271617745709564,3.84145523283477e-06,"Fold01"
"7","VF","VF",0.914138027554122,0.0781518589548802,0.00767470637442551,3.54071165726785e-05,"Fold01"
"8","VF","VF",0.918350849553721,0.0743728386321255,0.00726058312590777,1.57286882460996e-05,"Fold01"
"9","VF","VF",0.842639472265749,0.12760569346685,0.0295627251858532,0.000192109081548462,"Fold01"
"10","VF","VF",0.920167624520819,0.072788369403936,0.00702929859357304,1.47074816721808e-05,"Fold01"
"11","VF","F",0.3761772332227,0.5456338964295,0.0767957577863308,0.00139311256146861,"Fold01"
"12","VF","F",0.388504124355275,0.508863376042013,0.101417746002906,0.00121475359980607,"Fold01"
"13","VF","VF",0.494783777846489,0.456737361273126,0.0480935020719583,0.000385358808426442,"Fold01"
"14","VF","VF",0.880558845799228,0.0987589599744192,0.0206236992273187,5.84949990333553e-05,"Fold01"
"15","VF","VF",0.914314207528478,0.0711693747545075,0.0144949130945263,2.15046224881439e-05,"Fold01"
"16","VF","VF",0.829929805233236,0.131521264088603,0.0384599323244984,8.8998353662738e-05,"Fold01"
"17","VF","VF",0.917287019609562,0.072001102366069,0.0106862052019465,2.56728224226869e-05,"Fold01"
"18","VF","VF",0.913361099309713,0.0724720615861101,0.0141210548527305,4.57842514461724e-05,"Fold01"
"19","VF","VF",0.938803711793871,0.053931171489851,0.00725820814767269,6.90856860509239e-06,"Fold01"
"20","VF","VF",0.984281843435762,0.0149654366514396,0.000751702490451358,1.01742234767576e-06,"Fold01"
"21","VF","VF",0.98374440542788,0.0155559311860782,0.000698659036139572,1.00434990266826e-06,"Fold01"
"22","VF","VF",0.983916194795587,0.015306105810829,0.000776610301799229,1.08909178479619e-06,"Fold01"
"23","VF","VF",0.986800389602797,0.0126283001926952,0.000570736868510658,5.73335997270001e-07,"Fold01"
"24","VF","VF",0.97749082430649,0.020961179516798,0.00154556636783689,2.42980887515855e-06,"Fold01"
"25","VF","VF",0.988218808716021,0.0113661455395409,0.000414695931147735,3.4981329045454e-07,"Fold01"
"26","VF","VF",0.988602658618974,0.0109252051800084,0.000471838643123183,2.975578947531e-07,"Fold01"
"27","VF","VF",0.975261503971757,0.0230782758236443,0.00165725884767585,2.96135692262529e-06,"Fold01"
"28","VF","VF",0.982446418104174,0.0165750632521091,0.000976959347397746,1.55929631903448e-06,"Fold01"
"29","VF","VF",0.988400307836775,0.0111564844155922,0.000442843501980554,3.6424565262946e-07,"Fold01"
"30","VF","VF",0.932475114872428,0.0555415947413961,0.0112727999308186,0.000710490455357064,"Fold01"
"31","VF","VF",0.978845390869577,0.0198641659352904,0.00128763486513444,2.80832999784623e-06,"Fold01"
"32","VF","VF",0.985494411831163,0.0138649571588965,0.000639864937273383,7.66072666738571e-07,"Fold01"
"33","VF","VF",0.986899525023197,0.012378987401909,0.000720916084256808,5.71490637197912e-07,"Fold01"
"34","VF","VF",0.98301210024391,0.0162525709862493,0.000733927829491335,1.40094034948632e-06,"Fold01"
"35","VF","VF",0.986676264206747,0.0125546414013291,0.000768467917134674,6.26474789218904e-07,"Fold01"
"36","VF","VF",0.636230289436836,0.320203168632115,0.0432404969112442,0.000326045019804177,"Fold01"
"37","VF","VF",0.598841339194328,0.341293215914777,0.0591911604248307,0.000674284466064064,"Fold01"
"38","VF","VF",0.669600143999674,0.29887414040893,0.0312955931832303,0.000230122408164847,"Fold01"
"39","VF","VF",0.558336721065498,0.378600021777358,0.0625255541914256,0.000537702965718265,"Fold01"
"40","VF","VF",0.657257417402699,0.305053122661002,0.037410225851458,0.000279234084841099,"Fold01"
"41","VF","VF",0.76101493568514,0.202481599266873,0.0364413201117413,6.21449362456399e-05,"Fold01"
"42","VF","VF",0.831682890987421,0.155044512462762,0.0132524846022438,2.01119475735477e-05,"Fold01"
"43","VF","VF",0.803262329643283,0.175686547173315,0.0210268814274018,2.42417560005722e-05,"Fold01"
"44","VF","VF",0.863413204491289,0.126607461303172,0.00996969998669865,9.63421884063686e-06,"Fold01"
"45","VF","F",0.087834127854137,0.553949371350078,0.349384377971559,0.00883212282422664,"Fold01"
"46","VF","F",0.161221234966122,0.593072540008584,0.244120273799037,0.00158595122625779,"Fold01"
"47","VF","F",0.0845115030753133,0.577039052536439,0.330728937374556,0.00772050701369112,"Fold01"
"48","VF","VF",0.987562224396022,0.012134156679361,0.000303403026607726,2.15898009461891e-07,"Fold01"
"49","VF","VF",0.976917353188955,0.0221765801133789,0.000905034400131675,1.03229753411493e-06,"Fold01"
"50","VF","VF",0.980183003281031,0.0191537716664274,0.000662458926278161,7.66126263588751e-07,"Fold01"
"51","VF","VF",0.957545909423231,0.0405443306623148,0.00190471349399012,5.04642046392297e-06,"Fold01"
"52","VF","VF",0.987237404790854,0.0124288615437758,0.000333494986513655,2.38678856834552e-07,"Fold01"
"53","VF","VF",0.959621083447948,0.0381592900089906,0.00221603422024329,3.59232281813073e-06,"Fold01"
"54","VF","VF",0.926761794606189,0.0689431490089117,0.00428316389711593,1.18924877833398e-05,"Fold01"
"55","VF","VF",0.926444569422318,0.0692144106171173,0.0043290138441917,1.20061163733826e-05,"Fold01"
"56","VF","VF",0.926394629285585,0.0693397732374121,0.00425378893361047,1.1808543392866e-05,"Fold01"
"57","VF","VF",0.988712700595553,0.0110215251984404,0.000265589064878086,1.85141128370141e-07,"Fold01"
"58","VF","VF",0.970709756260137,0.0278587654616227,0.00142952660811525,1.95167012505504e-06,"Fold01"
"59","VF","VF",0.93552236327116,0.0610165429353692,0.003453753525511,7.34026796014795e-06,"Fold01"
"60","VF","VF",0.898229246581892,0.0912993268380573,0.0104462581988263,2.51683812242491e-05,"Fold01"
"61","VF","VF",0.990859518755455,0.00887505804876365,0.000265278156787637,1.45038993955249e-07,"Fold01"
"62","VF","VF",0.991444882204606,0.00836722743755105,0.000187813130219978,7.72276227928667e-08,"Fold01"
"63","VF","VF",0.871198586790753,0.10260564746827,0.0255201371778876,0.000675628563089677,"Fold01"
"64","VF","VF",0.97580331906703,0.0232758066397164,0.00091998915974915,8.85133504502486e-07,"Fold01"
"65","VF","VF",0.533745497048502,0.270333480892549,0.180785693280086,0.0151353287788632,"Fold01"
"66","VF","VF",0.597737259815749,0.273066277771727,0.120423281201612,0.00877318121091145,"Fold01"
"67","VF","F",0.312445832530685,0.338846309430413,0.306853022740554,0.0418548352983475,"Fold01"
"68","VF","VF",0.912343314748538,0.0810885255824981,0.0065442837166187,2.38759523454737e-05,"Fold01"
"69","VF","VF",0.915946183425263,0.0750902106758921,0.0080556201595401,0.000907985739305274,"Fold01"
"70","VF","VF",0.914103225105817,0.0766198877406763,0.00832104913082663,0.000955838022680501,"Fold01"
"71","VF","VF",0.971411076706336,0.0268425457448649,0.00174411656804387,2.26098075499118e-06,"Fold01"
"72","VF","VF",0.981682047166895,0.01748757909278,0.000829524946954358,8.48793370918092e-07,"Fold01"
"73","VF","VF",0.981685484583334,0.0175061121108394,0.000807562532945022,8.40772881229452e-07,"Fold01"
"74","VF","VF",0.952354812189081,0.0444729649229674,0.00316415401164366,8.06887630784681e-06,"Fold01"
"75","VF","VF",0.972111877185035,0.0266661408640431,0.00121847359665018,3.50835427146362e-06,"Fold01"
"76","VF","VF",0.974500202182502,0.0244954287731865,0.00100277715290019,1.59189141174189e-06,"Fold01"
"77","VF","VF",0.798673804186842,0.177485764920564,0.0236518878076055,0.000188543084988595,"Fold01"
"78","VF","VF",0.988560831077074,0.011203343101206,0.000235673544495599,1.52277224206552e-07,"Fold01"
"79","VF","VF",0.988973670722308,0.0107801221178156,0.000246054238609505,1.52921267144413e-07,"Fold01"
"80","VF","VF",0.971378929900064,0.0274570210480032,0.00116041677758672,3.63227434593049e-06,"Fold01"
"81","VF","VF",0.975326736171332,0.023629542923678,0.00104152949241189,2.19141257809494e-06,"Fold01"
"82","VF","VF",0.970306111758594,0.028312428843118,0.00137684627599802,4.61312229038332e-06,"Fold01"
"83","VF","VF",0.991706030303961,0.00805730977731423,0.000236550721600759,1.09197123740518e-07,"Fold01"
"84","VF","VF",0.942402674487081,0.0546892253469163,0.0029015503917351,6.54977426751702e-06,"Fold01"
"85","VF","VF",0.892138659140204,0.103418974210831,0.00443322798996624,9.13865899885026e-06,"Fold01"
"86","VF","VF",0.911002210087695,0.0856614075213519,0.00333157949451709,4.8028964356566e-06,"Fold01"
"87","VF","VF",0.853823446930271,0.137124788175229,0.00903156783869828,2.01970558011017e-05,"Fold01"
"88","VF","VF",0.914495856821934,0.0814532571970262,0.00404764607193744,3.23990910264011e-06,"Fold01"
"89","VF","VF",0.899429213660177,0.0970233610462542,0.00354101535431544,6.40993925356702e-06,"Fold01"
"90","VF","VF",0.635196862023168,0.358108676464187,0.00666864906160475,2.58124510406626e-05,"Fold01"
"91","VF","VF",0.871715685884138,0.122793944825617,0.00547196656759761,1.8402722647758e-05,"Fold01"
"92","VF","VF",0.886381670906819,0.109179048210033,0.00442930010454796,9.98077859987262e-06,"Fold01"
"93","VF","VF",0.885984227242224,0.109549576993571,0.00445608924694445,1.01065172603208e-05,"Fold01"
"94","VF","VF",0.915089791717439,0.0823932244269602,0.00251361136736506,3.37248823589624e-06,"Fold01"
"95","VF","VF",0.903016774294926,0.0931910201474672,0.00378625578028862,5.94977731844232e-06,"Fold01"
"96","VF","VF",0.886215447861698,0.107836057388785,0.00593573588675399,1.27588627624117e-05,"Fold01"
"97","VF","VF",0.846807478002765,0.145091008543788,0.00807012211745546,3.13913359910015e-05,"Fold01"
"98","VF","VF",0.902857860380247,0.0938785121490854,0.00325804617798561,5.58129268193032e-06,"Fold01"
"99","VF","VF",0.849484770188693,0.140601834203471,0.00988904029072191,2.43553171141526e-05,"Fold01"
"100","VF","VF",0.898018645463364,0.0976520502585112,0.0043217784781183,7.52580000672046e-06,"Fold01"
"101","VF","VF",0.621521261959809,0.370761340014391,0.00768505325237182,3.23447734285162e-05,"Fold01"
"102","VF","VF",0.88451479680694,0.108205175551489,0.00726820384387978,1.18237976907346e-05,"Fold01"
"103","VF","VF",0.834088108669046,0.156295346529988,0.00958994799819995,2.65968027651762e-05,"Fold01"
"104","VF","VF",0.617535978271145,0.374900489539743,0.00753044655834065,3.3085630771317e-05,"Fold01"
"105","VF","VF",0.840040947006924,0.14943887836465,0.0104917415296928,2.84330987331811e-05,"Fold01"
"106","VF","VF",0.832429567246276,0.156452895060667,0.0110863285566693,3.12091363873393e-05,"Fold01"
"107","VF","VF",0.879022588786107,0.114473899322921,0.00648787182826092,1.56400627110517e-05,"Fold01"
"108","VF","VF",0.842951661820501,0.146693559666485,0.0103269964210442,2.77820919698751e-05,"Fold01"
"109","VF","VF",0.611459632538831,0.380514995408081,0.0079887159716247,3.66560814628819e-05,"Fold01"
"110","VF","VF",0.88089494217867,0.113267079965332,0.00582328978765601,1.4688068341737e-05,"Fold01"
"111","VF","VF",0.899386561560129,0.0967769198041438,0.00382953252767292,6.98610805476171e-06,"Fold01"
"112","VF","VF",0.83949169308349,0.149175063330491,0.0113016758571762,3.15677288423289e-05,"Fold01"
"113","VF","VF",0.530607863431429,0.373870259116577,0.0823994119402291,0.0131224655117655,"Fold01"
"114","VF","VF",0.887511890239657,0.108025197959393,0.00445052360043012,1.23882005194753e-05,"Fold01"
"115","VF","VF",0.884794662801816,0.109734726236139,0.00545864941503507,1.19615470101743e-05,"Fold01"
"116","VF","VF",0.600140490963438,0.389736584866533,0.0100720370950086,5.08870750206986e-05,"Fold01"
"117","VF","VF",0.59179842048855,0.397520462436181,0.0106242623782139,5.68546970555382e-05,"Fold01"
"118","VF","VF",0.896504397203122,0.0993651482199029,0.00412273239893649,7.72217803834165e-06,"Fold01"
"119","VF","VF",0.867949488733925,0.12397465468209,0.00805118545439905,2.46711295869065e-05,"Fold01"
"120","VF","VF",0.581739048490731,0.406852021400628,0.0113438050721173,6.51250365240695e-05,"Fold01"
"121","VF","VF",0.573764755512301,0.414232815243423,0.0119300482023822,7.23810418939593e-05,"Fold01"
"122","VF","VF",0.84049899497972,0.149656776788159,0.00979267651755871,5.15517145629143e-05,"Fold01"
"123","VF","VF",0.567690143717443,0.419841089265721,0.0123904816144107,7.8285402425718e-05,"Fold01"
"124","VF","VF",0.568087474522216,0.419470802918789,0.0123637595607692,7.79629982254385e-05,"Fold01"
"125","VF","VF",0.898104521227891,0.0974196406687249,0.00446760117430184,8.23692908245061e-06,"Fold01"
"126","VF","VF",0.884538216136473,0.110618194929114,0.00482981635140045,1.37725830123948e-05,"Fold01"
"127","VF","VF",0.796295430816627,0.186553719605043,0.0170770426071996,7.38069711307279e-05,"Fold01"
"128","VF","VF",0.915021916675996,0.0818696999491246,0.00310418355693913,4.19981794002277e-06,"Fold01"
"129","VF","VF",0.86092169690275,0.130986869620432,0.00807466952254035,1.67639542775631e-05,"Fold01"
"130","VF","VF",0.911510675794495,0.0852889322172357,0.00319588110430311,4.51088396644297e-06,"Fold01"
"131","VF","VF",0.910274741060101,0.0864135669953931,0.00330698138367829,4.71056082801706e-06,"Fold01"
"132","VF","VF",0.900232052648251,0.0946699381633239,0.00509120193985329,6.80724857202971e-06,"Fold01"
"133","VF","VF",0.900455149413764,0.0944646502181534,0.00507345534494709,6.74502313553674e-06,"Fold01"
"134","VF","VF",0.896722165596993,0.0975684607130934,0.00570156228083538,7.81140907827054e-06,"Fold01"
"135","VF","VF",0.85919269600531,0.132709068859945,0.00808079995474469,1.74351800007071e-05,"Fold01"
"136","VF","VF",0.91225128355095,0.0844657753688705,0.00327823963040511,4.70144977392195e-06,"Fold01"
"137","VF","VF",0.921343169449051,0.0770930805339218,0.00154699904707304,1.67509699542608e-05,"Fold01"
"138","VF","VF",0.849304271342198,0.140725502864487,0.00994793173813672,2.22940551783361e-05,"Fold01"
"139","VF","VF",0.958691862400866,0.0402754650857134,0.00103171266360662,9.59849813729465e-07,"Fold01"
"140","VF","VF",0.895548874921323,0.0933482141407006,0.0110910055090485,1.19054289280047e-05,"Fold01"
"141","VF","VF",0.966249709323112,0.0323391008716355,0.00140967977278726,1.5100324656639e-06,"Fold01"
"142","VF","VF",0.979855919915368,0.019545763503385,0.00059806602012938,2.50561117761348e-07,"Fold01"
"143","VF","VF",0.928789884521547,0.0662130011681625,0.00499199333381346,5.12097647729841e-06,"Fold01"
"144","VF","VF",0.966180987308695,0.0323734578885553,0.00144469664057674,8.58162173198439e-07,"Fold01"
"145","VF","VF",0.978644331851941,0.020543769333527,0.000811026243130816,8.72571401414741e-07,"Fold01"
"146","VF","F",0.118776618122692,0.777107569890322,0.103782419191386,0.000333392795599962,"Fold01"
"147","VF","F",0.109631369005955,0.785687504466807,0.104304719643602,0.000376406883635754,"Fold01"
"148","VF","F",0.130459248383544,0.782038507758771,0.0872511631028282,0.000251080754856257,"Fold01"
"149","VF","F",0.118587311194467,0.750393496474406,0.130680165066113,0.000339027265013885,"Fold01"
"150","VF","VF",0.804901296923444,0.1833818633253,0.0117065558576686,1.02838935881835e-05,"Fold01"
"151","VF","VF",0.635002137555783,0.311281036953935,0.0536032335695427,0.000113591920739356,"Fold01"
"152","VF","VF",0.631873776481662,0.313356115772719,0.0546518446798748,0.000118263065743954,"Fold01"
"153","VF","VF",0.73893810400391,0.242460192818614,0.0185669602241429,3.47429533333313e-05,"Fold01"
"154","VF","VF",0.731673843722687,0.24921945496007,0.0190680296150334,3.86717022101782e-05,"Fold01"
"155","VF","VF",0.727500291037029,0.250893813172223,0.0215665018082141,3.93939825337263e-05,"Fold01"
"156","VF","VF",0.737969417404146,0.239929124130285,0.0220829452003076,1.85132652611862e-05,"Fold01"
"157","VF","VF",0.745439007678533,0.232246262699135,0.0222853377980538,2.93918242778846e-05,"Fold01"
"158","VF","VF",0.722210312277936,0.255727998273682,0.0220250127092438,3.66767391380292e-05,"Fold01"
"159","VF","VF",0.741923306587493,0.239926505980879,0.0181266583642517,2.35290673763037e-05,"Fold01"
"160","VF","VF",0.708419558832321,0.266183462614832,0.0253344466605085,6.25318923392276e-05,"Fold01"
"161","VF","VF",0.772672189674498,0.209057606805495,0.0182553304500714,1.48730699357828e-05,"Fold01"
"162","VF","VF",0.741196074519358,0.239173699439953,0.0196038452149784,2.63808257102087e-05,"Fold01"
"163","VF","VF",0.712402786815925,0.256534639087302,0.031022211670143,4.03624266298581e-05,"Fold01"
"164","VF","VF",0.719207746974271,0.257925285803411,0.0228231918531378,4.37753691801227e-05,"Fold01"
"165","VF","VF",0.741859569589635,0.231815321867385,0.0262911680321917,3.39405107889619e-05,"Fold01"
"166","VF","VF",0.607987531452418,0.346445551323148,0.0454596365510199,0.000107280673413717,"Fold01"
"167","VF","VF",0.73926313801525,0.239557620103408,0.0211467877340022,3.24541473395842e-05,"Fold01"
"168","VF","VF",0.770482967767741,0.206347311153361,0.0231513734046425,1.83476742553277e-05,"Fold01"
"169","VF","VF",0.768159407933511,0.216671671139468,0.0151507048104246,1.82161165968583e-05,"Fold01"
"170","VF","VF",0.690376769306358,0.267758243195379,0.0417972185679485,6.7768930314965e-05,"Fold01"
"171","VF","VF",0.712306647052168,0.263320271329351,0.0243273397843815,4.57418340995924e-05,"Fold01"
"172","VF","VF",0.579009378158273,0.365610515633671,0.0552114804302459,0.000168625777809549,"Fold01"
"173","VF","VF",0.68369246904471,0.283385731168248,0.032835962041623,8.58377454189254e-05,"Fold01"
"174","VF","VF",0.697741305558812,0.276348083217624,0.0258754593545494,3.5151869014117e-05,"Fold01"
"175","VF","VF",0.713173259208036,0.259026293643627,0.02776507033467,3.53768136672968e-05,"Fold01"
"176","VF","VF",0.726801325063208,0.250810063630052,0.0223620166485452,2.65946581945592e-05,"Fold01"
"177","VF","F",0.0964348268583733,0.787865203072681,0.113020171469141,0.00267979859980515,"Fold01"
"178","F","F",0.308520156183644,0.574395733297983,0.115265769474042,0.00181834104433118,"Fold01"
"179","F","L",0.00362990779732792,0.0896747215038164,0.274728308801682,0.631967061897174,"Fold01"
"180","F","VF",0.816211297684565,0.138409799241492,0.044874016366941,0.000504886707002736,"Fold01"
"181","F","VF",0.805450024672436,0.144377747165773,0.049803894584816,0.000368333576975583,"Fold01"
"182","F","F",0.242576149209671,0.455039381469507,0.218217484440929,0.0841669848798929,"Fold01"
"183","F","F",0.179919923170419,0.448554395086632,0.194952790187564,0.176572891555385,"Fold01"
"184","F","VF",0.718492213141707,0.243072437513381,0.0382862846647941,0.000149064680118116,"Fold01"
"185","F","VF",0.787074913897423,0.189976240379665,0.0229176745366317,3.11711862801031e-05,"Fold01"
"186","F","VF",0.792498606132638,0.186400612361438,0.0210775929456601,2.31885602636998e-05,"Fold01"
"187","F","VF",0.883883941897583,0.109049044412754,0.00706207252165111,4.94116801119491e-06,"Fold01"
"188","F","F",0.131668117675015,0.620215311228638,0.245223871305131,0.00289269979121591,"Fold01"
"189","F","F",0.126510773088708,0.609696667159218,0.260838083950302,0.0029544758017712,"Fold01"
"190","F","M",0.0145612118905389,0.326231905624794,0.595497666466275,0.0637092160183919,"Fold01"
"191","F","F",0.15905187338697,0.631217189195674,0.207894993722924,0.00183594369443211,"Fold01"
"192","F","F",0.109209705337879,0.599001350588778,0.288136673155773,0.00365227091756864,"Fold01"
"193","F","M",0.00313896672358286,0.142537021766414,0.587518641399717,0.266805370110286,"Fold01"
"194","F","F",0.09425469779776,0.582799385725311,0.318253629207927,0.00469228726900248,"Fold01"
"195","F","F",0.185473112044935,0.6403699535953,0.172908866382575,0.00124806797718993,"Fold01"
"196","F","F",0.105115816973349,0.609969465413249,0.281773296087718,0.00314142152568433,"Fold01"
"197","F","F",0.151426195659862,0.623821894419865,0.222562102835675,0.00218980708459799,"Fold01"
"198","F","F",0.151556046674677,0.626424600441684,0.219843877336659,0.00217547554698008,"Fold01"
"199","F","F",0.106697191714715,0.61813483540156,0.270718258580149,0.00444971430357505,"Fold01"
"200","F","F",0.0813595228446947,0.6016844924171,0.309700531797438,0.00725545294076737,"Fold01"
"201","F","F",0.0675967107669673,0.572673446026105,0.346988778605278,0.0127410646016499,"Fold01"
"202","F","F",0.174494806234202,0.631856160095447,0.192165162881449,0.00148387078890262,"Fold01"
"203","F","M",0.0431990615560127,0.465903268966366,0.475190304348244,0.0157073651293765,"Fold01"
"204","F","VF",0.583550275438164,0.248980075049025,0.127298549605848,0.0401710999069632,"Fold01"
"205","F","VF",0.87125514527196,0.120705649312121,0.0080164286084961,2.27768074230729e-05,"Fold01"
"206","F","VF",0.875445909900424,0.117470510654692,0.00706678371062754,1.67957342560675e-05,"Fold01"
"207","F","VF",0.88320721367681,0.110987462887686,0.00579197108982573,1.33523456780158e-05,"Fold01"
"208","F","VF",0.867456336187154,0.124870358155234,0.00765068483603455,2.26208215776056e-05,"Fold01"
"209","F","VF",0.818299093850385,0.16813191317951,0.0135226354869506,4.6357483154328e-05,"Fold01"
"210","F","VF",0.874629413372139,0.11678663784773,0.00856572590935947,1.82228707721706e-05,"Fold01"
"211","F","VF",0.831797513623188,0.157741002014342,0.0104030657344384,5.84186280320336e-05,"Fold01"
"212","F","VF",0.559584530095418,0.429156131859554,0.011185775473672,7.35625713559849e-05,"Fold01"
"213","F","VF",0.553188428207831,0.43508790457882,0.0116436330820305,8.00341313187514e-05,"Fold01"
"214","F","VF",0.787998962038859,0.193985467519839,0.0179027662138816,0.000112804227420325,"Fold01"
"215","F","VF",0.867344545513542,0.12662185506938,0.00601375298158263,1.98464354954694e-05,"Fold01"
"216","F","VF",0.891009979831116,0.094624231159402,0.0143174739774076,4.83150320747393e-05,"Fold01"
"217","F","VF",0.826488092590883,0.139461974785275,0.033800999839803,0.000248932784039331,"Fold01"
"218","F","F",0.122217207692206,0.526007274759819,0.346278156424209,0.00549736112376599,"Fold01"
"219","F","VF",0.460956649134382,0.331303432338996,0.198822595543598,0.00891732298302378,"Fold01"
"220","F","VF",0.876249231915999,0.111679556785139,0.0120459950109656,2.52162878960917e-05,"Fold01"
"221","F","F",0.137426598995405,0.395447258298892,0.375319850251347,0.0918062924543564,"Fold01"
"222","F","VF",0.445075652393723,0.289220439739761,0.231001396422189,0.0347025114443275,"Fold01"
"223","F","F",0.0992977917420599,0.787034690139734,0.113160033419701,0.000507484698504961,"Fold01"
"224","F","F",0.0794856736157667,0.773709831762348,0.145893162956029,0.000911331665855939,"Fold01"
"225","F","F",0.0907632768981288,0.73911766953605,0.169572563152808,0.00054649041301276,"Fold01"
"226","F","F",0.0876271569848864,0.7817622746243,0.129978093905096,0.000632474485718557,"Fold01"
"227","F","F",0.122188829234142,0.754248261826421,0.123333930205388,0.000228978734049191,"Fold01"
"228","F","F",0.109233359288662,0.778798166044761,0.111584845138475,0.000383629528101794,"Fold01"
"229","F","F",0.101656722220658,0.783347187904571,0.114565429437428,0.000430660437342705,"Fold01"
"230","F","F",0.0648182024800303,0.754704579597125,0.179521592903049,0.00095562501979613,"Fold01"
"231","F","F",0.0409948821342223,0.739046780517238,0.211457600536452,0.00850073681208789,"Fold01"
"232","F","F",0.0779025145373393,0.712821942476663,0.208633338189165,0.000642204796833365,"Fold01"
"233","F","F",0.0605099654469323,0.75664768353225,0.181753018195025,0.00108933282579299,"Fold01"
"234","F","F",0.106161644667455,0.777677149884731,0.115706571276201,0.000454634171613711,"Fold01"
"235","F","F",0.10497945122696,0.77880657240054,0.115752168008334,0.000461808364165746,"Fold01"
"236","F","F",0.0834730554360941,0.779736987846739,0.136120935457285,0.000669021259882205,"Fold01"
"237","F","F",0.110929943327846,0.748220548063728,0.140477295042171,0.000372213566254721,"Fold01"
"238","F","F",0.0854840036114688,0.717320116250201,0.196394845380431,0.000801034757898556,"Fold01"
"239","F","F",0.0921079095270345,0.823549418537362,0.0791347767083426,0.00520789522726115,"Fold01"
"240","F","F",0.0602576409646671,0.762234167920518,0.175432186684423,0.00207600443039161,"Fold01"
"241","F","F",0.0899348499742305,0.787406745596972,0.121885328517288,0.000773075911509901,"Fold01"
"242","F","F",0.122471744692438,0.820371585513687,0.0549996715467924,0.00215699824708237,"Fold01"
"243","F","F",0.107750587293755,0.776970425383146,0.114942487039183,0.000336500283917175,"Fold01"
"244","F","F",0.113963583799625,0.791948889775302,0.093782405699561,0.000305120725512562,"Fold01"
"245","F","F",0.119868438886934,0.780580690176324,0.0992444560422025,0.000306414894539422,"Fold01"
"246","F","VF",0.739272481978625,0.242352861867548,0.0183387155889622,3.59405648650636e-05,"Fold01"
"247","F","VF",0.832942674164073,0.158867538393123,0.00818523143612471,4.55600667888191e-06,"Fold01"
"248","F","VF",0.741047444097966,0.230466730053523,0.0284599739142844,2.58519342273365e-05,"Fold01"
"249","F","F",0.430116454000538,0.470184180816907,0.0932588525420995,0.00644051264045508,"Fold01"
"250","F","F",0.432322468683766,0.469148786096942,0.0922487044313409,0.00628004078795143,"Fold01"
"251","F","F",0.430230580382531,0.470166229311527,0.0931820964769725,0.00642109382896868,"Fold01"
"252","F","VF",0.681484902638361,0.284492561224531,0.0339447396968464,7.77964402615923e-05,"Fold01"
"253","F","F",0.383015088455083,0.454117109269357,0.15346237052469,0.00940543175086935,"Fold01"
"254","F","F",0.303416387664933,0.499857380074909,0.179591053615358,0.0171351786448005,"Fold01"
"255","F","VF",0.697230424595499,0.270240956188471,0.0324748409142366,5.37783017932876e-05,"Fold01"
"256","F","VF",0.647192139246,0.314751159819154,0.0379146723314324,0.000142028603413516,"Fold01"
"257","F","VF",0.635333351094541,0.325637452732449,0.0388716417502153,0.000157554422794439,"Fold01"
"258","F","VF",0.597945416502884,0.354822505937974,0.0470218195440819,0.000210258015060362,"Fold01"
"259","F","VF",0.666561529827339,0.302992373374258,0.0304004195650505,4.56772333522398e-05,"Fold01"
"260","F","VF",0.594326947176439,0.3481596252015,0.057322333406603,0.00019109421545781,"Fold01"
"261","F","F",0.0775946295843698,0.748296833246988,0.169279294988514,0.00482924218012813,"Fold01"
"262","F","F",0.0786952370795937,0.788813582606146,0.127540761093553,0.00495041922070816,"Fold01"
"263","F","F",0.0692825365877556,0.732038940793784,0.192134887022256,0.00654363559620502,"Fold01"
"264","F","F",0.0697756632218272,0.734749093622083,0.188991114161298,0.00648412899479205,"Fold01"
"265","F","F",0.0697896818544814,0.732501253433753,0.191178513946046,0.00653055076571933,"Fold01"
"266","F","F",0.0116588095493896,0.419806097316901,0.186373943305244,0.382161149828466,"Fold01"
"267","F","F",0.0117971455816527,0.422432869595169,0.186651768848447,0.379118215974731,"Fold01"
"268","F","F",0.0687942918890806,0.733503803926929,0.191005540419511,0.00669636376447864,"Fold01"
"269","F","F",0.0392243472084298,0.734887457570481,0.186236466345267,0.0396517288758231,"Fold01"
"270","F","F",0.0633618317970345,0.771753157205846,0.156319246129014,0.00856576486810572,"Fold01"
"271","F","F",0.0635828977702962,0.779944410563341,0.148308532485237,0.00816415918112606,"Fold01"
"272","F","F",0.0761687455589128,0.784865345786448,0.13353043893598,0.00543546971866024,"Fold01"
"273","F","F",0.0675806825313489,0.728586608110361,0.196860846965208,0.00697186239308214,"Fold01"
"274","F","F",0.0667862591552148,0.730023455240308,0.196034166599777,0.00715611900470066,"Fold01"
"275","F","F",0.0934146681664393,0.759726747313579,0.143543395876959,0.00331518864302261,"Fold01"
"276","F","F",0.0606536803312266,0.771828321298246,0.15815694977472,0.00936104859580705,"Fold01"
"277","F","F",0.0600381353853471,0.76575858808952,0.164438706589335,0.00976456993579787,"Fold01"
"278","F","F",0.0247416254457273,0.641366023221764,0.227881901538705,0.106010449793804,"Fold01"
"279","F","F",0.0158597808336008,0.537901364279921,0.348019690178322,0.0982191647081561,"Fold01"
"280","F","F",0.072775904144735,0.783596155423492,0.13758261941152,0.0060453210202533,"Fold01"
"281","F","F",0.0419957787136731,0.731052854098731,0.212257872590411,0.0146934945971846,"Fold01"
"282","F","F",0.0476363612814682,0.758408919029638,0.175164218106383,0.0187905015825103,"Fold01"
"283","F","F",0.0764431322314409,0.792816478605111,0.124101978028619,0.00663841113482869,"Fold01"
"284","F","F",0.0925557149610296,0.751800265168157,0.152013899616164,0.00363012025464963,"Fold01"
"285","F","F",0.0359902152699084,0.711656630983684,0.216558094294906,0.0357950594515013,"Fold01"
"286","M","F",0.36561457420034,0.559095388599675,0.0741340211732747,0.00115601602671023,"Fold01"
"287","M","VF",0.504663955868595,0.205942448160162,0.278479276794774,0.0109143191764682,"Fold01"
"288","M","M",0.255747118753156,0.184510121309245,0.478854445671993,0.0808883142656065,"Fold01"
"289","M","M",0.095542122736121,0.144155946244951,0.581967496843493,0.178334434175435,"Fold01"
"290","M","M",0.10483581206768,0.143433111822139,0.580647523265831,0.17108355284435,"Fold01"
"291","M","F",0.341113602250436,0.526321654247403,0.130325674386815,0.00223906911534522,"Fold01"
"292","M","VF",0.439550993638217,0.417347810191441,0.140944740534933,0.00215645563540943,"Fold01"
"293","M","F",0.190318079565763,0.643188833455433,0.165621859453908,0.000871227524895808,"Fold01"
"294","M","L",0.000232441594698026,0.0249636337339086,0.312831759194507,0.661972165476887,"Fold01"
"295","M","L",0.000103563287479197,0.0167889306461685,0.219168685720033,0.763938820346319,"Fold01"
"296","M","VF",0.747249902767209,0.226018550403682,0.0264487229148653,0.000282823914244353,"Fold01"
"297","M","L",0.00283605696454915,0.0172629059345218,0.0201417861854823,0.959759250915447,"Fold01"
"298","M","F",0.0738256564247841,0.755466565809592,0.170069383267199,0.000638394498424841,"Fold01"
"299","M","M",0.0108751692284217,0.459459725153121,0.474592698598721,0.0550724070197355,"Fold01"
"300","M","F",0.0531938652843841,0.752850959084915,0.192702312894755,0.00125286273594528,"Fold01"
"301","M","F",0.00991967002195842,0.506479245147884,0.354027635502115,0.129573449328042,"Fold01"
"302","M","F",0.0136022050002399,0.544623274511753,0.297872358192355,0.143902162295652,"Fold01"
"303","M","F",0.0833747728805903,0.731447909545718,0.184346889084202,0.000830428489490074,"Fold01"
"304","M","F",0.0800590304411147,0.771692565165505,0.147400548955627,0.000847855437753113,"Fold01"
"305","M","F",0.0584471806588745,0.76131691998947,0.178074931010924,0.00216096834073202,"Fold01"
"306","M","F",0.0767670850142572,0.769753133659929,0.152566799541727,0.00091298178408707,"Fold01"
"307","M","F",0.0707926827450692,0.762397209087356,0.165748453464847,0.00106165470272846,"Fold01"
"308","M","F",0.0493476632469414,0.744891157955318,0.204557172992466,0.00120400580527559,"Fold01"
"309","M","VF",0.683250540708404,0.259801374339824,0.0569057395032947,4.23454484766259e-05,"Fold01"
"310","M","F",0.320019100992488,0.506481898219124,0.154876032531928,0.0186229682564599,"Fold01"
"311","M","F",0.211173273777534,0.494186603684798,0.282852798331288,0.0117873242063812,"Fold01"
"312","M","L",0.00157098329690867,0.0171857178672802,0.0302168409727267,0.951026457863085,"Fold01"
"313","M","VF",0.715363572115773,0.252864479830966,0.0317316641612106,4.02838920501936e-05,"Fold01"
"314","M","M",0.0234734242441181,0.225532620580276,0.557650645957804,0.193343309217802,"Fold01"
"315","M","VF",0.551945958680964,0.385733132377877,0.0621081702553947,0.000212738685764101,"Fold01"
"316","M","VF",0.469925190649149,0.425343558955317,0.1042999500834,0.000431300312134661,"Fold01"
"317","M","VF",0.583878965742137,0.343919156542868,0.0719627964154455,0.000239081299549625,"Fold01"
"318","M","F",0.048746644977979,0.765849953720261,0.175982290077188,0.0094211112245721,"Fold01"
"319","M","F",0.0482563489667045,0.751331151940605,0.190282854169349,0.0101296449233414,"Fold01"
"320","M","F",0.0192306090883442,0.596626246865366,0.289002747463512,0.0951403965827781,"Fold01"
"321","M","F",0.0369902455985339,0.702178319529884,0.214387110313709,0.0464443245578728,"Fold01"
"322","M","F",0.0212671619290865,0.601498247260851,0.271714889434753,0.10551970137531,"Fold01"
"323","M","F",0.0368170405064232,0.703050625261152,0.212478668090493,0.0476536661419315,"Fold01"
"324","M","F",0.0392611246965572,0.726742655735901,0.217892263652221,0.0161039559153205,"Fold01"
"325","M","F",0.0336950671994576,0.703711075591632,0.234429295193662,0.028164562015248,"Fold01"
"326","M","F",0.0286888464696706,0.642451403926218,0.298821041422257,0.0300387081818552,"Fold01"
"327","L","L",0.000784639749334281,0.0404522678014121,0.178293208598846,0.780469883850407,"Fold01"
"328","L","L",0.00128563308983932,0.0521158846963301,0.222961862868404,0.723636619345427,"Fold01"
"329","L","M",0.00723495078038718,0.0515066113034175,0.527194993889286,0.414063444026909,"Fold01"
"330","L","L",0.00599902694919582,0.0491289278557939,0.39813812838825,0.546733916806761,"Fold01"
"331","L","M",0.0197020914149391,0.0806668833126779,0.567895997968097,0.331735027304286,"Fold01"
"332","L","M",0.00496150519493915,0.0430144472742548,0.495891027751232,0.456133019779574,"Fold01"
"333","L","L",0.00364861544368625,0.0380317677009533,0.363366562411469,0.594953054443891,"Fold01"
"334","L","F",0.0791019703522586,0.580987559660394,0.3348173849063,0.00509308508104826,"Fold01"
"335","L","L",0.000197682842099569,0.0228150614235937,0.306596719087221,0.670390536647086,"Fold01"
"336","L","F",0.05946486929569,0.54219729678907,0.389793182463985,0.00854465145125497,"Fold01"
"337","L","VF",0.612218515117483,0.321887589523465,0.0648327522344224,0.00106114312462994,"Fold01"
"338","L","L",8.2045968452829e-16,2.13169753354154e-11,3.00143657788744e-07,0.999999699835024,"Fold01"
"339","L","F",0.299736245073658,0.416530378228801,0.260135953590879,0.0235974231066629,"Fold01"
"340","L","F",0.0261918448781448,0.645117374151801,0.322415397031704,0.00627538393834996,"Fold01"
"341","L","F",0.0534055949742815,0.746259921747388,0.197555417766717,0.00277906551161408,"Fold01"
"342","L","L",0.00320788202827964,0.248821218592917,0.337138658657094,0.410832240721709,"Fold01"
"343","L","L",1.37904759269734e-06,0.000433050030622687,0.00139434791340019,0.998171223008384,"Fold01"
"344","L","L",1.38111840222013e-06,0.000433241911055061,0.00139544304612888,0.998169933924414,"Fold01"
"345","L","F",0.0262950646448662,0.676897927420341,0.240445003732808,0.0563620042019848,"Fold01"
"346","L","F",0.0260441595875473,0.675403605384575,0.241322184018121,0.0572300510097572,"Fold01"
"347","L","L",6.96003555947382e-08,5.43641113141565e-05,0.000321054639728475,0.999624511648602,"Fold01"
"348","VF","VF",0.941221942546654,0.0543517973634946,0.0044139631324111,1.22969574404136e-05,"Fold02"
"349","VF","VF",0.948254918029434,0.0482636822384277,0.00347347507966307,7.92465247491523e-06,"Fold02"
"350","VF","VF",0.958111844485735,0.0395244020344056,0.00236065733766051,3.09614219939636e-06,"Fold02"
"351","VF","VF",0.909527671119605,0.0780862472445947,0.0123002041483169,8.58774874828509e-05,"Fold02"
"352","VF","VF",0.89148118097688,0.0860130170583944,0.0223965062964882,0.000109295668237376,"Fold02"
"353","VF","VF",0.910926926838052,0.0737118079855909,0.0153192200415205,4.20451348366348e-05,"Fold02"
"354","VF","VF",0.960498572107594,0.0359869219254763,0.00351084405586809,3.66191106144635e-06,"Fold02"
"355","VF","VF",0.954390638079919,0.038837197547528,0.00676757987721509,4.58449533828763e-06,"Fold02"
"356","VF","VF",0.982830821348507,0.0163472903682884,0.000820796783409781,1.09149979481419e-06,"Fold02"
"357","VF","VF",0.985806910868965,0.0135838741683087,0.00060830389626474,9.11066461461196e-07,"Fold02"
"358","VF","VF",0.985027766868693,0.0140310321017639,0.000940204037488818,9.96992054261205e-07,"Fold02"
"359","VF","VF",0.984547000645065,0.0144807950479669,0.00097133734544114,8.66961527236058e-07,"Fold02"
"360","VF","VF",0.988587355833759,0.0110011174445376,0.000411157106652223,3.69615051295684e-07,"Fold02"
"361","VF","VF",0.988593617539625,0.0109876217660538,0.000418485608712506,2.75085608819624e-07,"Fold02"
"362","VF","VF",0.981686275301131,0.0173615900215062,0.000950441248986798,1.69342837666176e-06,"Fold02"
"363","VF","VF",0.982205398545387,0.0168610400748549,0.000931668267050218,1.89311270757395e-06,"Fold02"
"364","VF","VF",0.988488003007852,0.0110965527507606,0.000415080123486438,3.64117901251427e-07,"Fold02"
"365","VF","VF",0.977502091125507,0.0213411439246607,0.00115337044245447,3.39450737774658e-06,"Fold02"
"366","VF","VF",0.972611157890393,0.025029259226997,0.00235286247335178,6.72040925814079e-06,"Fold02"
"367","VF","VF",0.980581061505741,0.0181934339193584,0.00122348759312531,2.01698177541858e-06,"Fold02"
"368","VF","VF",0.98017485781756,0.0185745342922073,0.00124872324292929,1.88464730335026e-06,"Fold02"
"369","VF","VF",0.972925837043979,0.0254454701185902,0.00162184183819768,6.85099923287271e-06,"Fold02"
"370","VF","VF",0.970635665684172,0.027380388245988,0.00197341746304459,1.05286067950346e-05,"Fold02"
"371","VF","VF",0.981435573724641,0.017779708651076,0.000783049132031778,1.66849225091421e-06,"Fold02"
"372","VF","VF",0.924461371247764,0.0635150224294235,0.0106344797030589,0.00138912661975368,"Fold02"
"373","VF","VF",0.988624103534504,0.0109413889934822,0.000433941814818666,5.65657194865934e-07,"Fold02"
"374","VF","VF",0.966874928623131,0.030219234941976,0.00289203723179112,1.37992031022032e-05,"Fold02"
"375","VF","VF",0.979199864327847,0.0194318648532486,0.00136606746646202,2.20335244205802e-06,"Fold02"
"376","VF","VF",0.983027555692631,0.016286742783141,0.000684125871383,1.57565284550898e-06,"Fold02"
"377","VF","VF",0.70144057741813,0.271365740231134,0.027099915403089,9.3766947647608e-05,"Fold02"
"378","VF","VF",0.636972094249032,0.325790719784695,0.037027077728998,0.000210108237275016,"Fold02"
"379","VF","VF",0.632277343141991,0.336910549088958,0.0305644207141764,0.000247687054874746,"Fold02"
"380","VF","VF",0.620350820570357,0.331924494282111,0.0474603245060507,0.000264360641481873,"Fold02"
"381","VF","VF",0.715103933101795,0.263102097357135,0.0217141497149575,7.981982611228e-05,"Fold02"
"382","VF","VF",0.619143107147818,0.323806327906709,0.0567827209128474,0.000267844032626006,"Fold02"
"383","VF","VF",0.562779231982668,0.386400222879747,0.0500229088169025,0.000797636320681972,"Fold02"
"384","VF","VF",0.660508088407079,0.308011977766504,0.0312755232694673,0.000204410556949642,"Fold02"
"385","VF","VF",0.727620367634263,0.251528682249964,0.0207643122837761,8.66378319963999e-05,"Fold02"
"386","VF","VF",0.663337358729587,0.305743569908449,0.0307290328601368,0.000190038501828071,"Fold02"
"387","VF","VF",0.743982891733894,0.221871699266318,0.0340579713072407,8.74376925465057e-05,"Fold02"
"388","VF","VF",0.821263866165346,0.164059484094997,0.0146516575529582,2.49921866990356e-05,"Fold02"
"389","VF","VF",0.887338621399994,0.105893001858998,0.00676165799938242,6.71874162613053e-06,"Fold02"
"390","VF","VF",0.826672835265979,0.158142947193001,0.0151492096786187,3.50078624019863e-05,"Fold02"
"391","VF","VF",0.856556699298863,0.134750157583134,0.00867344633856691,1.96967794363057e-05,"Fold02"
"392","VF","VF",0.894261299130057,0.0997640020787328,0.00596892270623284,5.77608497691388e-06,"Fold02"
"393","VF","F",0.131981710610748,0.653231478720633,0.212491469792434,0.00229534087618569,"Fold02"
"394","VF","F",0.15788677679927,0.648756813607605,0.190968379066454,0.00238803052667163,"Fold02"
"395","VF","F",0.112036742794382,0.614049066147089,0.270182423856473,0.00373176720205581,"Fold02"
"396","VF","VF",0.962390784874242,0.0355106208168009,0.00209378368472019,4.81062423680345e-06,"Fold02"
"397","VF","VF",0.993528035572425,0.00634919005736835,0.000122724818403691,4.95518029182288e-08,"Fold02"
"398","VF","VF",0.989962693241223,0.00979627944394102,0.000240879612590634,1.4770224537183e-07,"Fold02"
"399","VF","VF",0.988145927104421,0.0114543182353595,0.000399626188885794,1.28471333354565e-07,"Fold02"
"400","VF","VF",0.990734592125474,0.00906593264273841,0.000199373047624082,1.02184163355725e-07,"Fold02"
